6698.141166249615
6885.187133192866
6931.75807840368
6450.6325530685
6958.139466005277
6507.5992230444535
6208.243508757415
6653.029781825017
6731.86013234519
6947.910034284844
6804.489802552201
6810.9771293049525
6648.3237297147125
6865.619073625172
6974.789175204507
6826.648700402454
6837.501410332714
6786.621375767662
6818.5265232734
6767.839932209598
6452.695626873266
6318.154043318956
6770.979543286753
6706.747533525834
6758.751410416304
6670.095129778417
6661.617256109633
6504.309176125152
6635.686699506607
6309.256654991412
6683.444468345794
6308.213094844435
6381.698850545618
6188.218225504051
6156.139290601936
6226.925632314642
6187.504029483606
6257.645870896083
6487.312760284818
6792.100728347689
6732.20552496398
6336.669249823877
6494.416658625403
6978.554103128669
6725.459649842363
6881.498038229698
6704.337957349629
6434.487161413908
6945.001712660126
6845.09016498524
6689.883806590293
6761.306989731012
6745.38239468057
6711.364278926355
6309.489903111691
6301.1415085585
6506.4115062377505
6592.5243411164465
6730.1658768021325
6734.606521875662
